68 88 1599
21 28 8268
45 70 9041
34 90 1126
10 28 8492
42 91 2760
83 98 603
25 99 2097
19 90 2595
60 64 2858
58 60 9212
1 2 1985
14 100 841
29 62 2621
37 73 4997
2 41 8729
47 66 4153
63 89 6847
13 98 420
37 98 4236
41 55 3676
48 71 492
35 43 5938
67 100 6488
11 64 8835
86 98 6159
49 57 2298
42 75 8283
42 84 517
12 65 4210
18 89 2794
77 87 1158
35 42 1846
16 70 3192
24 54 7165
57 91 9130
2 60 6153
26 43 501
25 41 1342
32 53 3429
18 92 9098
56 90 676
46 65 6883
94 99 8469
3 84 9219
72 73 2020
33 55 7016
31 57 1928
84 96 7601
30 38 9472
3 59 6881
44 77 8873
47 60 1981
19 25 1247
15 46 1524
8 37 8222
16 75 9384
36 87 4068
26 40 6837
68 77 8666
90 94 1643
66 67 8032
38 42 4536
1 64 4679
20 48 6887
30 43 7529
40 69 3533
59 63 1727
3 42 423
66 69 7989
10 100 9725
43 81 445
42 54 4276
50 69 8673
3 17 7647
38 75 4047
36 63 788
27 42 6565
28 37 5483
67 68 4886
23 55 2319
29 33 32
42 98 6133
21 88 6292
4 69 3878
73 77 7943
28 63 1432
88 90 2381
62 79 5581
2 5 8305
7 80 8919
19 42 2599
45 77 814
35 89 5840
2 97 8702
43 71 8983
5 9 608
73 86 4796
79 85 6044
6 44 2920
57 73 499
13 65 9121
17 89 8697
8 47 3635
9 79 3647
79 99 6199
35 94 6702
41 74 6011
85 87 2336
29 47 8677
12 81 2186
21 94 8429
23 64 6123
51 81 7112
25 73 2273
52 95 5826
66 72 4628
62 84 6473
11 98 154
18 84 7446
28 87 1308
41 60 8874
2 46 8459
15 91 3826
21 67 1466
40 94 5028
13 87 5831
28 86 2084
23 66 2039
18 91 8431
1 54 5682
15 36 5620
41 95 1888
5 34 4834
26 70 7762
48 65 8934
14 81 4229
44 69 7552
43 93 4528
34 52 3011
42 53 3119
45 65 6415
8 38 4059
6 8 8439
9 66 3473
1 90 3832
68 83 6094
46 81 6008
5 37 8601
48 52 8140
14 44 4488
50 54 6966
17 74 7861
6 97 7646
73 87 3092
49 83 7091
13 67 1723
15 78 9226
24 87 7308
9 49 3622
41 48 4149
29 99 4247
25 95 5306
36 95 456
9 73 5139
52 84 1738
20 99 352
23 98 3631
4 24 7910
53 71 1173
32 56 8126
36 93 3239
9 23 1350
40 88 4844
59 93 7426
67 75 6662
15 100 4415
1 56 9719
63 67 2625
46 99 907
45 71 1174
50 86 5715
27 83 8397
18 88 4113
79 87 2207
46 87 9691
28 40 8979
73 83 152
13 38 3887
80 81 1476
36 81 9079
12 60 4088
6 29 8329
36 92 8714
11 25 2615
48 91 7
6 15 6466
23 85 9163
34 65 663
31 53 6768
26 52 1447
48 76 6017
83 99 6582
82 83 2906
38 97 8858
31 36 2798
39 70 7803
15 97 5180
57 77 6901
61 88 7818
21 81 5121
19 49 7354
57 72 9162
34 88 8648
21 22 7821
68 69 9901
91 100 7815
47 51 6327
31 37 5793
12 74 4472
17 80 820
58 90 6356
31 84 2176
9 45 5803
47 53 5378
47 80 4914
57 100 8457
65 67 2896
17 35 5482
5 55 72
84 87 6184
81 89 7189
24 73 6875
61 90 3403
55 59 8935
42 88 5155
23 54 8098
47 74 2280
22 69 6537
42 73 6428
25 37 9604
71 82 7539
69 99 7237
30 35 4163
16 42 2418
6 59 2463
30 71 2723
38 96 9821
53 81 2269
55 88 7586
40 54 6391
39 56 9579
46 77 2693
1 80 522
26 30 4828
34 48 8844
18 86 772
8 30 4097
46 89 8467
4 12 484
75 89 9815
38 57 7744
6 67 3521
3 61 7298
22 71 7794
73 84 7977
20 62 7067
64 91 606
6 65 8273
47 98 7737
9 35 7453
21 27 2423
27 66 2997
33 100 2820
31 41 1507
60 80 3478
46 80 4508
11 92 7223
9 40 7730
31 42 7061
26 94 1266
22 72 3177
28 49 5096
48 85 2632
35 39 3246
36 49 1470
53 67 3721
28 34 2883
7 82 339
63 70 7420
28 47 1074
56 72 4681
42 72 7253
40 78 2968
19 85 7689
20 70 7151
16 45 188
51 54 3693
48 74 485
22 43 1473
31 86 1082
64 82 374
3 83 4391
29 52 1219
1 55 5852
45 85 1456
9 33 8625
51 99 1129
41 97 8250
70 76 8330
39 85 7800
42 74 1702
49 64 3197
18 53 3175
40 93 7427
61 62 5662
69 79 4360
91 98 8933
21 46 1347
65 97 8159
17 38 4106
6 60 86
23 51 3402
57 88 5331
71 99 4095
20 61 1593
19 95 878
7 9 4891
7 87 481
12 43 1830
68 90 9521
54 100 1628
59 74 7640
94 97 4172
81 88 1268
61 86 3844
20 58 191
6 84 6743
3 21 5728
32 41 3951
65 88 5026
18 46 3777
3 100 9782
53 84 1120
28 81 6305
50 77 9816
2 29 1375
12 73 8580
32 79 4797
6 31 5861
34 37 652
91 99 5319
8 71 5308
72 78 1155
4 6 9284
39 86 136
19 48 8099
25 35 920
25 84 3966
15 23 8745
43 55 7878
24 31 1644
28 70 1808
75 91 395
40 80 7168
20 66 7454
83 94 8009
3 45 276
72 96 4112
54 76 9928
6 13 4423
45 64 866
69 83 842
30 39 3946
14 23 4504
82 88 3579
7 85 9873
58 85 9745
19 46 7768
60 63 8293
79 90 3347
20 34 9428
70 88 8917
5 13 4985
39 54 8193
15 19 2802
64 72 6414
78 98 1804
25 42 656
63 81 1621
60 92 199
21 36 4879
70 77 5106
67 89 8902
42 65 7765
18 90 6777
18 22 1859
56 60 7564
11 13 9278
73 92 980
7 41 2580
78 89 5363
9 36 5770
2 73 9390
10 78 5654
23 52 8574
11 79 4129
65 76 5165
43 62 6915
22 50 4052
43 59 9708
5 50 8850
55 86 2279
54 85 1008
66 87 7369
60 94 721
10 89 9661
20 41 8310
40 100 2408
46 67 3654
40 77 1880
68 76 9124
7 96 9528
27 39 7698
54 71 3431
39 52 590
34 74 8767
18 98 6664
79 89 6873
19 73 8883
3 72 6238
15 98 7787
80 85 9648
12 21 503
29 88 7756
20 83 5878
24 37 8548
23 60 1533
71 72 1822
88 91 4540
36 72 6366
83 85 587
40 89 9543
28 95 1319
80 93 8443
45 66 9134
38 61 5058
74 86 7331
57 74 5411
3 90 7456
34 75 1609
15 28 393
23 44 8631
51 53 5614
68 79 2810
27 40 6655
14 73 2527
20 71 4610
28 97 190
37 87 5074
3 26 8966
5 56 1522
10 47 3809
15 42 1045
36 74 7641
4 98 137
92 97 6106
43 68 4199
51 100 3078
85 100 9344
71 77 9721
65 90 9305
6 41 5601
8 70 1919
48 66 472
75 76 9977
79 81 585
22 92 4349
35 99 1493
13 48 43
43 85 3740
64 98 1354
21 72 7547
6 10 9465
36 90 7162
49 72 5642
33 63 4689
79 83 6659
42 52 1862
30 36 304
9 31 9553
37 66 947
25 76 3285
61 91 1177
62 69 9767
54 63 9340
17 40 7113
14 53 3928
35 88 2443
27 97 3096
4 71 512
98 99 3082
33 86 9924
36 47 6865
7 25 5252
34 91 2265
3 77 2038
63 93 8095
39 62 5504
38 68 8704
16 85 5744
2 16 1176
33 79 5496
30 52 7077
61 89 6709
51 85 9746
26 51 1364
2 67 9480
3 52 9033
81 91 1295
10 83 2799
26 65 7058
23 78 6579
37 79 6711
9 57 6742
28 61 5532
45 99 9107
4 26 8285
5 63 7964
17 45 4006
24 99 6646
87 92 756
76 97 9194
25 65 2344
5 11 9949
47 90 7632
21 63 8681
8 31 1066
48 73 4885
1 23 1566
3 22 8831
26 27 9752
28 30 5774
55 73 7786
14 78 8385
51 96 7413
23 25 880
10 44 6005
23 73 2489
22 84 5219
14 91 1238
16 58 8616
69 87 8376
38 71 7867
28 42 7965
57 65 8778
53 89 238
4 13 4861
57 69 2506
41 75 4049
6 75 4305
78 82 3058
16 20 5557
70 97 3275
15 83 8913
30 57 7462
16 24 3891
53 73 4466
73 93 8127
32 62 1637
69 84 868
21 48 6844
4 8 8234
59 64 8291
39 80 2392
50 90 4946
39 49 8116
10 11 3766
35 98 5117
29 90 9982
10 49 509
50 82 4390
7 98 9737
46 95 6896
1 37 6668
3 67 5802
15 24 6923
2 30 5954
32 89 2586
32 35 7997
33 82 8297
76 98 7703
14 34 9283
6 83 7567
50 51 2288
54 81 318
60 99 6629
7 35 1747
53 79 8202
11 46 7195
40 87 278
5 17 3053
32 46 9407
21 53 819
18 65 9365
66 97 3674
24 97 943
48 81 9432
67 94 6562
20 32 7901
35 73 3798
1 18 5721
81 83 8423
1 44 7516
26 59 4682
52 56 3022
9 88 5877
80 92 6703
11 83 6560
22 34 7626
27 38 6187
37 72 7691
49 82 1333
46 56 2446
4 90 1429
2 53 3613
46 53 4599
36 86 6338
4 15 4034
20 72 6588
29 30 1545
29 54 1925
50 95 7185
47 72 5388
32 61 2565
31 65 5577
39 99 1477
83 91 415
25 74 5706
4 87 3763
64 67 2256
31 77 7975
39 63 714
53 100 7695
36 69 1200
78 92 1307
24 38 4122
8 81 2873
71 98 8409
86 92 9388
80 84 5228
46 61 9974
68 92 8361
48 64 3543
37 57 9578
59 88 5144
15 99 1314
11 26 1007
20 79 3315
39 71 3872
6 27 2964
12 100 9402
59 99 5290
14 15 2837
42 56 7672
8 18 6080
37 60 6472
25 49 8103
17 67 8946
5 47 6446
2 52 5759
75 100 5454
27 90 4719
38 90 5001
51 84 9093
67 78 1448
30 46 156
10 15 2484
18 80 5320
11 18 1543
12 62 6842
23 70 1147
37 94 6700
16 62 7177
26 57 8354
60 65 1486
9 86 891
52 80 3615
2 6 3576
71 89 7319
69 71 4134
34 94 5249
2 94 183
6 55 3672
50 96 2357
57 85 4200
9 60 2850
13 82 3346
27 73 4267
7 59 1183
10 76 9891
72 97 2539
41 98 969
27 69 4758
6 73 9232
31 96 4306
3 79 8525
29 87 9584
24 77 6442
56 93 946
16 89 3688
66 79 9008
64 81 9862
15 38 1093
4 77 7870
37 48 1790
35 75 8248
5 54 4824
30 88 729
7 31 6938
23 72 3680
5 6 302
10 30 4086
13 35 8581
44 64 1218
34 63 2574
7 39 5583
10 85 6689
2 96 3741
9 75 3490
53 66 2315
19 36 5966
49 65 5334
40 66 1352
37 99 1796
12 83 1206
12 89 8881
1 82 675
33 80 5450
31 98 5178
3 53 2328
15 85 7107
22 82 5760
63 66 6719
47 65 5846
16 93 8735
85 91 7900
64 65 3298
4 14 4713
75 93 5237
11 45 2222
23 74 9286
4 20 4697
13 86 9680
8 83 3287
6 62 1286
47 54 9913
16 74 7229
9 87 3210
69 100 3500
13 17 4455
17 28 4187
56 58 7983
14 71 6683
60 70 177
32 78 3221
9 93 5591
87 93 5922
36 71 1304
51 79 9957
88 92 7971
24 96 7142
40 96 8540
29 68 5655
36 37 8327
13 40 9922
54 87 5072
1 81 1532
66 91 2604
60 89 1592
27 49 2391
11 30 3099
15 49 5584
20 96 912
25 54 6380
16 87 468
66 77 5412
74 99 2774
43 79 3145
22 88 9010
3 56 4688
66 75 3434
8 48 6440
47 99 3408
31 40 5194
13 50 4496
45 47 787
75 85 3808
60 100 5088
37 75 4506
14 43 8184
15 75 4809
52 64 6547
35 83 5221
9 78 5775
21 47 6892
3 89 1680
9 22 5391
90 97 7749
27 62 7582
7 28 4299
82 99 2030
46 92 1868
2 98 61
26 95 2257
25 62 6992
41 42 4805
9 84 9290
10 97 8290
22 26 3227
46 69 4825
19 93 7055
8 61 9722
33 77 8656
10 41 9158
82 87 8005
54 84 5409
79 88 5859
73 90 5958
19 70 7425
3 50 5051
71 90 2057
47 81 2372
11 20 4400
44 62 9981
48 84 928
33 39 6674
5 7 3032
40 48 3943
72 79 9765
34 64 5009
13 90 1408
45 62 9027
17 91 2607
84 90 7439
6 38 2225
12 58 148
69 82 6182
6 12 1892
13 59 7433
8 77 8307
62 70 5893
51 75 7123
53 96 5007
25 31 573
15 18 6917
36 62 233
36 77 7652
63 98 2232
33 59 7783
29 70 2513
63 69 3981
37 43 5375
56 83 6396
47 50 8931
3 63 1721
88 94 5427
8 98 8
52 81 8482
68 71 326
5 52 4292
40 51 496
55 65 6760
48 49 8060
27 48 3158
48 77 3667
21 61 8538
22 61 2085
52 89 8830
16 88 9164
15 30 3324
32 73 6695
54 90 1049
53 85 3574
23 50 29
19 32 5295
22 40 8925
6 58 6782
39 92 3869
21 73 279
1 72 4264
19 40 6900
52 93 8565
54 95 3329
3 47 7851
75 98 6068
37 45 8206
71 73 9576
4 29 8045
50 74 3412
8 50 1762
27 94 2120
11 84 7081
40 84 5240
58 84 4363
5 68 5397
39 51 7746
2 12 3940
72 89 3565
67 74 3568
65 68 9109
13 63 6794
53 77 7477
46 59 9629
22 58 237
91 94 6385
19 26 4463
53 70 4382
13 70 2747
69 88 8117
20 91 3184
43 54 6707
26 32 2974
45 61 5889
40 45 3637
31 43 2488
64 66 8324
62 64 6171
46 85 9224
9 83 9104
13 61 332
28 41 8896
18 35 7692
3 8 3050
62 80 3460
14 95 6684
17 46 9086
21 71 5913
64 100 1924
41 96 9446
3 44 3305
52 78 9557
43 64 8732
14 49 4408
64 86 6693
31 67 2730
20 55 6786
64 85 1649
72 94 7292
30 37 2471
32 58 9248
66 92 2379
29 69 4910
68 97 9323
42 95 4320
79 94 8718
40 47 5300
58 63 3017
17 78 7687
15 72 2710
3 71 4054
50 84 366
7 99 4493
55 57 9920
56 65 6691
27 63 7311
7 48 4876
6 42 9952
13 54 713
3 82 5603
13 15 8609
45 48 6651
46 63 803
7 12 8410
17 57 3971
4 61 9888
39 100 9095
64 78 5108
37 71 8926
57 89 361
35 49 4369
89 100 968
7 36 4494
41 56 1746
23 61 5213
19 54 2198
31 49 8292
78 94 5304
29 37 4984
44 81 7104
16 22 2093
58 69 4013
4 67 7153
31 64 4816
44 74 3034
11 94 1962
20 86 5206
8 26 925
52 60 8395
23 79 390
